022222222222222222222222222222222222222222222222222222222222222222222221
222222222222222222222222223222222222222222222222222222222222222222222222
222222322222222222222222222222222222222222222222222222222222222222222222
222222222222223222222222222222222222222222222222222222222222222222222222
222222322222222222222222222222222222222222222222322222222222222222222222
222222222222222222222222222222222222222222222222222222222222222222222222
222222222222222222222222222222222222222222222222222222222222222222222222
222222222222222222222222222222222222222222222222222222222222222222222222
222222222222222222222222222222222222222222222222222222232222222222222222
222222222222222222222222222222222222222222222222222222222222222222222222
222222222222222222223322222222222222222222222222222222222222222222222222
222222222232222222222222222222222222222222222222222222222222222222222222
222222222222222222222222222222222222222222222222222222222222222222222222
222222222222222222222222222222222222222222222222222222222222222222222222
222222222222222222222222222222222222222222222222222222222222222222222222
222222222222222222222222222222222222222222222222222222222222222222222222
222222222222222222222222222222222222222222222222222222222222222222222222
222222222222222222222222222222222222222222222222222222222222222222222222
223222322222222222222222222222222222222222222222222222222222222222222222
222222222222222222222222222222222222222222222222222222222222222222222222
222222222222222222222222222222222222222222222222222222222222222222222222
222222222222222222222222222222222222222222322222222222222222222222222222
222222222222222222222222222222222222222222222222222222222222222222322222
222222222222222222222222222222222222222222222222222222222222222222222222
222222222222222222222222222222223222222222222222222222222222222222222223